 1970 634815970502.301
 1971 706804101557.261
 1972 791196511283.198
 1973 901726663909.461
 1974 975217387018.082
 1975 1025636125926.92
 1976 1130866392447.02
 1977 1186618105594.66
 1978 1245593025442.71
 1979 1329795113962.64
 1980 1452535202981.39
 1981 1390802456854.68
 1982 1402346117246.58
 1983 1361257376011.25
 1984 1434765274315.86
 1985 1547394348349.65
 1986 1663294185041.04
 1987 1722008469772.99
 1988 1720975264691.13
 1989 1775358083055.37
 1990 1698130006442.46
 1991 1715620745508.82
 1992 1706356393483.07
 1993 1790309128042.43
 1994 1895042212032.92
 1995 1975012993380.71
 1996 2017475772738.39
 1997 2085666453856.95
 1998 2086500720438.49
 1999 2091716972239.59
 2000 2181869973743.11
 2001 2210452470399.15
 2002 2269250506111.77
 2003 2295346886932.05
 2004 2426411194175.87
 2005 2503085787911.83
 2006 2602458293691.93
 2007 2750017678944.26
 2008 2889718577034.63
